6 7
1.00 2.00 3.00 4.00 5.00 6.00 7.00
2.00 3.00 4.00 5.00 1.00 3.00 5.00
3.00 2.00 5.00 3.00 2.00 1.00 0.00
4.00 3.00 2.00 7.00 2.00 5.00 3.00
5.00 4.00 3.00 2.00 9.00 1.00 2.00
6.00 7.00 8.00 9.00 10.00 11.00 5.00

6 7
13.00 15.50 17.00 14.00 15.00 16.00 17.00
11.50 22.00 23.00 24.00 25.00 26.00 27.00
21.00 20.50 33.00 32.00 35.00 36.00 37.00
33.00 32.00 37.50 44.00 43.00 42.00 41.00
42.00 47.00 42.00 49.50 55.00 60.00 65.00
54.00 53.00 52.00 59.00 51.20 70.00 60.00

7 6
1.00 2.00 3.00 4.00 5.00 6.00
7.00 8.00 9.00 1.00 2.00 3.00
2.00 3.00 4.00 5.00 1.00 3.00
5.00 3.00 2.00 5.00 3.00 2.00
1.00 0.00 4.00 3.00 2.00 7.00
2.00 5.00 3.00 5.00 4.00 3.00
2.00 9.00 1.00 2.00 6.00 7.00